[input][real output][predicted output]
[0.35,0.265,0.09,0.2255,0.0995,0.0485,0.07,7.0] [1,0,0] [0.04840173692188639,0.021359018388826166,0.3575592409775039]
[0.44,0.365,0.125,0.516,0.2155,0.114,0.155,10.0] [1,0,0] [0.06081547323477648,0.029195553512826343,0.17352192718725587]
[0.425,0.3,0.095,0.3515,0.141,0.0775,0.12,8.0] [0,0,1] [0.052865520615586706,0.024321843088741527,0.2651072339284309]
[0.545,0.425,0.125,0.768,0.294,0.1495,0.26,16.0] [0,1,0] [0.07309476985479145,0.03797147897653012,0.08527493697989297]
[0.55,0.44,0.15,0.8945,0.3145,0.151,0.32,19.0] [0,1,0] [0.08020539505539967,0.04337179923962687,0.06226331280227835]
[0.43,0.35,0.11,0.406,0.1675,0.081,0.135,10.0] [1,0,0] [0.055301211500620256,0.025604692604206336,0.2334822970347173]
[0.535,0.405,0.145,0.6845,0.2725,0.171,0.205,10.0] [0,1,0] [0.0675326715815392,0.03415602827662347,0.10880388840689305]
[0.5,0.4,0.13,0.6645,0.258,0.133,0.24,12.0] [1,0,0] [0.06787877730955148,0.03414682040511869,0.11521992760102552]
[0.44,0.34,0.1,0.451,0.188,0.087,0.13,10.0] [0,1,0] [0.05780016055592659,0.0273499799865683,0.20403751177177287]
[0.45,0.32,0.1,0.381,0.1705,0.075,0.115,9.0] [1,0,0] [0.0540819749137823,0.02509517569203936,0.2429310164622522]
[0.38,0.275,0.1,0.2255,0.08,0.049,0.085,10.0] [0,0,1] [0.04724746241002696,0.020808385388341923,0.36576284692633065]
[0.205,0.15,0.055,0.042,0.0255,0.015,0.012,5.0] [0,0,1] [0.04416209026198458,0.01868583560504487,0.4996602886318757]
[0.39,0.295,0.095,0.203,0.0875,0.045,0.075,7.0] [0,0,1] [0.04640000347405648,0.020161610612255475,0.37884342004873617]
[0.31,0.235,0.07,0.151,0.063,0.0405,0.045,6.0] [0,0,1] [0.04604763320210452,0.019869639969786416,0.41614617630712397]
[0.4,0.32,0.11,0.353,0.1405,0.0985,0.1,8.0] [0,1,0] [0.05283953244402534,0.02407953655505435,0.2687864191239157]
[0.57,0.48,0.175,1.185,0.474,0.261,0.38,11.0] [1,0,0] [0.09897647619220962,0.057371159322080444,0.02716203529749612]
[0.6,0.475,0.15,1.0075,0.4425,0.221,0.28,15.0] [0,1,0] [0.0873537195250575,0.04840603216580122,0.041337598415722855]
[0.6,0.47,0.15,0.922,0.363,0.194,0.305,10.0] [0,1,0] [0.08080225676838802,0.043648778188424345,0.055263223795255695]
[0.615,0.475,0.17,1.1025,0.4695,0.2355,0.345,14.0] [0,1,0] [0.0928327445026393,0.05292301743232699,0.03251228572659423]
[0.62,0.51,0.175,1.615,0.5105,0.192,0.675,12.0] [1,0,0] [0.12671949676142757,0.08202576667809093,0.011110027379223144]
[0.595,0.475,0.16,1.3175,0.408,0.234,0.58,21.0] [1,0,0] [0.10592062068078455,0.06378416946173826,0.021541494459768152]
[0.315,0.235,0.075,0.1285,0.051,0.028,0.0405,4.0] [0,0,1] [0.047424981288402904,0.020636303598283535,0.4111047155917757]
[0.325,0.25,0.075,0.1585,0.075,0.0305,0.0455,6.0] [0,0,1] [0.04624606531605572,0.01997974681494072,0.4085332880767435]
[0.37,0.28,0.085,0.198,0.0805,0.0455,0.058,5.0] [0,0,1] [0.04755230827818423,0.020811353454951408,0.3728269898484949]
[0.375,0.28,0.085,0.2145,0.0855,0.0485,0.072,7.0] [0,0,1] [0.04727657974359941,0.020704192359209412,0.36860631404990374]
[0.41,0.305,0.095,0.2625,0.1,0.0515,0.09,6.0] [0,0,1] [0.04898732006944282,0.021800523628622427,0.330478029550329]
[0.435,0.335,0.095,0.298,0.109,0.058,0.115,7.0] [0,0,1] [0.049847587235499605,0.022272721815302713,0.3076388520272374]
[0.46,0.36,0.14,0.447,0.161,0.087,0.16,9.0] [0,0,1] [0.05600169958849265,0.026326595197570045,0.21699116334589227]
[0.47,0.385,0.13,0.587,0.264,0.117,0.174,8.0] [0,0,1] [0.06471243378381392,0.03181946786317767,0.13903398080218696]
[0.495,0.375,0.12,0.614,0.2855,0.1365,0.161,8.0] [0,0,1] [0.0659901448403299,0.03288299440869668,0.12550242443862827]
[0.58,0.45,0.15,0.92,0.393,0.212,0.2895,9.0] [0,1,0] [0.08183530915262718,0.04429880799048382,0.053554592527541287]
[0.58,0.44,0.125,0.7855,0.363,0.1955,0.195,11.0] [0,1,0] [0.07388897176690468,0.03841693660169485,0.07584018818783327]
[0.59,0.5,0.15,1.142,0.485,0.265,0.345,9.0] [1,0,0] [0.0964016397477606,0.05490548679891275,0.029051223708497723]
[0.59,0.475,0.145,0.9745,0.4675,0.207,0.259,10.0] [0,0,1] [0.08661948342123293,0.04756015828960562,0.04342828695002455]
[0.595,0.46,0.17,1.1295,0.57,0.2555,0.265,10.0] [1,0,0] [0.09742986754925961,0.05624701477421737,0.027417575942587837]
[0.6,0.48,0.17,1.056,0.4575,0.2435,0.3135,10.0] [0,1,0] [0.08990348301029852,0.050356333706311714,0.03683214245507516]
[0.6,0.45,0.15,0.9625,0.4375,0.2225,0.2775,9.0] [0,1,0] [0.08471032395231379,0.046569606321230084,0.04590304068550035]
[0.605,0.495,0.17,1.0915,0.4365,0.2715,0.335,13.0] [0,1,0] [0.0908153740573213,0.05100096752744003,0.03483073268068626]
