[input][real output][predicted output]
[1015425.0,3.0,1.0,1.0,1.0,2.0,2.0,3.0,1.0,1.0] [0,1] [0,1]
[1016277.0,6.0,8.0,8.0,1.0,3.0,4.0,3.0,7.0,1.0] [0,1] [1,0]
[1017023.0,4.0,1.0,1.0,3.0,2.0,1.0,3.0,1.0,1.0] [0,1] [0,1]
[1017122.0,8.0,10.0,10.0,8.0,7.0,10.0,9.0,7.0,1.0] [1,0] [1,0]
[1018099.0,1.0,1.0,1.0,1.0,2.0,10.0,3.0,1.0,1.0] [0,1] [0,1]
[1018561.0,2.0,1.0,2.0,1.0,2.0,1.0,3.0,1.0,1.0] [0,1] [0,1]
[1033078.0,2.0,1.0,1.0,1.0,2.0,1.0,1.0,1.0,5.0] [0,1] [0,1]
[1033078.0,4.0,2.0,1.0,1.0,2.0,1.0,2.0,1.0,1.0] [0,1] [0,1]
[1035283.0,1.0,1.0,1.0,1.0,1.0,1.0,3.0,1.0,1.0] [0,1] [0,1]
[1036172.0,2.0,1.0,1.0,1.0,2.0,1.0,2.0,1.0,1.0] [0,1] [0,1]
[1041801.0,5.0,3.0,3.0,3.0,2.0,3.0,4.0,4.0,1.0] [1,0] [1,0]
[1043999.0,1.0,1.0,1.0,1.0,2.0,3.0,3.0,1.0,1.0] [0,1] [0,1]
[1044572.0,8.0,7.0,5.0,10.0,7.0,9.0,5.0,5.0,4.0] [1,0] [1,0]
[1047630.0,7.0,4.0,6.0,4.0,6.0,1.0,4.0,3.0,1.0] [1,0] [1,0]
[1048672.0,4.0,1.0,1.0,1.0,2.0,1.0,2.0,1.0,1.0] [0,1] [0,1]
[1049815.0,4.0,1.0,1.0,1.0,2.0,1.0,3.0,1.0,1.0] [0,1] [0,1]
[1050670.0,10.0,7.0,7.0,6.0,4.0,10.0,4.0,1.0,2.0] [1,0] [1,0]
[1050718.0,6.0,1.0,1.0,1.0,2.0,1.0,3.0,1.0,1.0] [0,1] [0,1]
[1054590.0,7.0,3.0,2.0,10.0,5.0,10.0,5.0,4.0,4.0] [1,0] [1,0]
[1054593.0,10.0,5.0,5.0,3.0,6.0,7.0,7.0,10.0,1.0] [1,0] [1,0]
[1056784.0,3.0,1.0,1.0,1.0,2.0,1.0,2.0,1.0,1.0] [0,1] [0,1]
[1059552.0,1.0,1.0,1.0,1.0,2.0,1.0,3.0,1.0,1.0] [0,1] [0,1]
[1065726.0,5.0,2.0,3.0,4.0,2.0,7.0,3.0,6.0,1.0] [1,0] [1,0]
[1066373.0,3.0,2.0,1.0,1.0,1.0,1.0,2.0,1.0,1.0] [0,1] [0,1]
[1066979.0,5.0,1.0,1.0,1.0,2.0,1.0,2.0,1.0,1.0] [0,1] [0,1]
[1067444.0,2.0,1.0,1.0,1.0,2.0,1.0,2.0,1.0,1.0] [0,1] [0,1]
[1070935.0,1.0,1.0,3.0,1.0,2.0,1.0,1.0,1.0,1.0] [0,1] [0,1]
[1070935.0,3.0,1.0,1.0,1.0,1.0,1.0,2.0,1.0,1.0] [0,1] [0,1]
[1071760.0,2.0,1.0,1.0,1.0,2.0,1.0,3.0,1.0,1.0] [0,1] [0,1]
[1072179.0,10.0,7.0,7.0,3.0,8.0,5.0,7.0,4.0,3.0] [1,0] [1,0]
[1074610.0,2.0,1.0,1.0,2.0,2.0,1.0,3.0,1.0,1.0] [0,1] [0,1]
[1075123.0,3.0,1.0,2.0,1.0,2.0,1.0,2.0,1.0,1.0] [0,1] [0,1]
[1079304.0,2.0,1.0,1.0,1.0,2.0,1.0,2.0,1.0,1.0] [0,1] [0,1]
[1080185.0,10.0,10.0,10.0,8.0,6.0,1.0,8.0,9.0,1.0] [1,0] [1,0]
[1081791.0,6.0,2.0,1.0,1.0,1.0,1.0,7.0,1.0,1.0] [0,1] [0,1]
[1084584.0,5.0,4.0,4.0,9.0,2.0,10.0,5.0,6.0,1.0] [1,0] [1,0]
[1091262.0,2.0,5.0,3.0,3.0,6.0,7.0,7.0,5.0,1.0] [1,0] [1,0]
[1099510.0,10.0,4.0,3.0,1.0,3.0,3.0,6.0,5.0,2.0] [1,0] [1,0]
[1100524.0,6.0,10.0,10.0,2.0,8.0,10.0,7.0,3.0,3.0] [1,0] [1,0]
[1102573.0,5.0,6.0,5.0,6.0,10.0,1.0,3.0,1.0,1.0] [1,0] [1,0]
[1103608.0,10.0,10.0,10.0,4.0,8.0,1.0,8.0,10.0,1.0] [1,0] [1,0]
[1103722.0,1.0,1.0,1.0,1.0,2.0,1.0,2.0,1.0,2.0] [0,1] [0,1]
[1105257.0,3.0,7.0,7.0,4.0,4.0,9.0,4.0,8.0,1.0] [1,0] [1,0]
[1105524.0,1.0,1.0,1.0,1.0,2.0,1.0,2.0,1.0,1.0] [0,1] [0,1]
[1106095.0,4.0,1.0,1.0,3.0,2.0,1.0,3.0,1.0,1.0] [0,1] [0,1]
[1106829.0,7.0,8.0,7.0,2.0,4.0,8.0,3.0,8.0,2.0] [1,0] [1,0]
[1108370.0,9.0,5.0,8.0,1.0,2.0,3.0,2.0,1.0,5.0] [1,0] [1,0]
[1108449.0,5.0,3.0,3.0,4.0,2.0,4.0,3.0,4.0,1.0] [1,0] [1,0]
[1110102.0,10.0,3.0,6.0,2.0,3.0,5.0,4.0,10.0,2.0] [1,0] [1,0]
[1110503.0,5.0,5.0,5.0,8.0,10.0,8.0,7.0,3.0,7.0] [1,0] [1,0]
[1110524.0,10.0,5.0,5.0,6.0,8.0,8.0,7.0,1.0,1.0] [1,0] [1,0]
[1111249.0,10.0,6.0,6.0,3.0,4.0,5.0,3.0,6.0,1.0] [1,0] [1,0]
[1112209.0,8.0,10.0,10.0,1.0,3.0,6.0,3.0,9.0,1.0] [1,0] [1,0]
[1113038.0,8.0,2.0,4.0,1.0,5.0,1.0,5.0,4.0,4.0] [1,0] [1,0]
[1113483.0,5.0,2.0,3.0,1.0,6.0,10.0,5.0,1.0,1.0] [1,0] [1,0]
[1113906.0,9.0,5.0,5.0,2.0,2.0,2.0,5.0,1.0,1.0] [1,0] [1,0]
[1115282.0,5.0,3.0,5.0,5.0,3.0,3.0,4.0,10.0,1.0] [1,0] [1,0]
[1115293.0,1.0,1.0,1.0,1.0,2.0,2.0,2.0,1.0,1.0] [0,1] [0,1]
[1116116.0,9.0,10.0,10.0,1.0,10.0,8.0,3.0,3.0,1.0] [1,0] [1,0]
[1116132.0,6.0,3.0,4.0,1.0,5.0,2.0,3.0,9.0,1.0] [1,0] [1,0]
[1116192.0,1.0,1.0,1.0,1.0,2.0,1.0,2.0,1.0,1.0] [0,1] [0,1]
[1116998.0,10.0,4.0,2.0,1.0,3.0,2.0,4.0,3.0,10.0] [1,0] [1,0]
[1117152.0,4.0,1.0,1.0,1.0,2.0,1.0,3.0,1.0,1.0] [0,1] [0,1]
[1118039.0,5.0,3.0,4.0,1.0,8.0,10.0,4.0,9.0,1.0] [1,0] [1,0]
[1120559.0,8.0,3.0,8.0,3.0,4.0,9.0,8.0,9.0,8.0] [1,0] [1,0]
[1121732.0,1.0,1.0,1.0,1.0,2.0,1.0,3.0,2.0,1.0] [0,1] [0,1]
[1121919.0,5.0,1.0,3.0,1.0,2.0,1.0,2.0,1.0,1.0] [0,1] [0,1]
[1123061.0,6.0,10.0,2.0,8.0,10.0,2.0,7.0,8.0,10.0] [1,0] [1,0]
[1124651.0,1.0,3.0,3.0,2.0,2.0,1.0,7.0,2.0,1.0] [0,1] [1,0]
[1125035.0,9.0,4.0,5.0,10.0,6.0,10.0,4.0,8.0,1.0] [1,0] [1,0]
[1126417.0,10.0,6.0,4.0,1.0,3.0,4.0,3.0,2.0,3.0] [1,0] [1,0]
[1131294.0,1.0,1.0,2.0,1.0,2.0,2.0,4.0,2.0,1.0] [0,1] [0,1]
[1132347.0,1.0,1.0,4.0,1.0,2.0,1.0,2.0,1.0,1.0] [0,1] [0,1]
[1133041.0,5.0,3.0,1.0,2.0,2.0,1.0,2.0,1.0,1.0] [0,1] [0,1]
[1133136.0,3.0,1.0,1.0,1.0,2.0,3.0,3.0,1.0,1.0] [0,1] [0,1]
[1136142.0,2.0,1.0,1.0,1.0,3.0,1.0,2.0,1.0,1.0] [0,1] [0,1]
[1137156.0,2.0,2.0,2.0,1.0,1.0,1.0,7.0,1.0,1.0] [0,1] [0,1]
[1143978.0,4.0,1.0,1.0,2.0,2.0,1.0,2.0,1.0,1.0] [0,1] [0,1]
[1143978.0,5.0,2.0,1.0,1.0,2.0,1.0,3.0,1.0,1.0] [0,1] [0,1]
[1147044.0,3.0,1.0,1.0,1.0,2.0,2.0,7.0,1.0,1.0] [0,1] [0,1]
[1147699.0,3.0,5.0,7.0,8.0,8.0,9.0,7.0,10.0,7.0] [1,0] [1,0]
[1147748.0,5.0,10.0,6.0,1.0,10.0,4.0,4.0,10.0,10.0] [1,0] [1,0]
[1148278.0,3.0,3.0,6.0,4.0,5.0,8.0,4.0,4.0,1.0] [1,0] [1,0]
[1148873.0,3.0,6.0,6.0,6.0,5.0,10.0,6.0,8.0,3.0] [1,0] [1,0]
[1152331.0,4.0,1.0,1.0,1.0,2.0,1.0,3.0,1.0,1.0] [0,1] [0,1]
[1155546.0,2.0,1.0,1.0,2.0,3.0,1.0,2.0,1.0,1.0] [0,1] [0,1]
[1156272.0,1.0,1.0,1.0,1.0,2.0,1.0,3.0,1.0,1.0] [0,1] [0,1]
[1156948.0,3.0,1.0,1.0,2.0,2.0,1.0,1.0,1.0,1.0] [0,1] [0,1]
[1157734.0,4.0,1.0,1.0,1.0,2.0,1.0,3.0,1.0,1.0] [0,1] [0,1]
[1158247.0,1.0,1.0,1.0,1.0,2.0,1.0,2.0,1.0,1.0] [0,1] [0,1]
[1160476.0,2.0,1.0,1.0,1.0,2.0,1.0,3.0,1.0,1.0] [0,1] [0,1]
[1164066.0,1.0,1.0,1.0,1.0,2.0,1.0,3.0,1.0,1.0] [0,1] [0,1]
[1165297.0,2.0,1.0,1.0,2.0,2.0,1.0,1.0,1.0,1.0] [0,1] [0,1]
[1165790.0,5.0,1.0,1.0,1.0,2.0,1.0,3.0,1.0,1.0] [0,1] [0,1]
[1165926.0,9.0,6.0,9.0,2.0,10.0,6.0,2.0,9.0,10.0] [1,0] [1,0]
[1166630.0,7.0,5.0,6.0,10.0,5.0,10.0,7.0,9.0,4.0] [1,0] [1,0]
[1166654.0,10.0,3.0,5.0,1.0,10.0,5.0,3.0,10.0,2.0] [1,0] [1,0]
