[input][real output][predicted output]
[5.0,3.0,1.6,0.2] [1,0,0] [1,0,0]
[5.2,3.5,1.5,0.2] [1,0,0] [1,0,0]
[4.7,3.2,1.6,0.2] [1,0,0] [1,0,0]
[5.4,3.4,1.5,0.4] [1,0,0] [1,0,0]
[5.5,4.2,1.4,0.2] [1,0,0] [1,0,0]
[6.6,3.0,4.4,1.4] [0,1,0] [0,1,0]
[6.7,3.0,5.0,1.7] [0,1,0] [0,1,0]
[5.7,2.6,3.5,1.0] [0,1,0] [0,1,0]
[5.0,2.3,3.3,1.0] [0,1,0] [0,1,0]
[5.7,3.0,4.2,1.2] [0,1,0] [0,1,0]
[7.2,3.6,6.1,2.5] [0,0,1] [0,0,1]
[6.4,2.7,5.3,1.9] [0,0,1] [0,0,1]
[5.7,2.5,5.0,2.0] [0,0,1] [0,0,1]
[7.9,3.8,6.4,2.0] [0,0,1] [0,0,1]
[6.3,2.8,5.1,1.5] [0,0,1] [0,1,0]
[7.7,3.0,6.1,2.3] [0,0,1] [0,0,1]
[6.5,3.0,5.2,2.0] [0,0,1] [0,0,1]
[5.9,3.0,5.1,1.8] [0,0,1] [0,0,1]
